15 44 86 71 9 AMN AMN ALN
25 19 12 26 22 ALN 
PP 91 4 14 24 13 FMN
15 22 26 19 74 FMM AHN FMB FLB FMB
ES 12 44 13 21 17 
4 25 9 71 86 ALN 
12 25 24 13 14 AHM 
19 26 22 4 91 ALN AMM 
21 17 74 91 44 FLN
15 44 21 17 74 AHN
71 86 15 9 44
9 71 86 12 25 
12 25 14 13 9 FHN FMN 
12 25 24 14 13 FLN
4 91 14 24 13 
13 24 26 4 91 FLB
22 26 19 4 91 FHG 
15 44 19 26 22 FHN 
15 44 22 21 19 
21 17 74 25 12 
12 25 86 9 71 
91 4 86 9 71 
4 91 14 71 24 ALM
91 4 14 13 24 FHB FMB 
4 91 13 24 14 FMM 
15 44 22 19 26 ALM 
21 17 74 25 12 AHM AMB 
4 91 71 9 86 
PP 74 26 19 15 22 FHM AHN 
13 91 4 14 24 FMM AHG 
ES 4 91 17 21 71 
PERIOD 14 44 21 74 17 AHN FLN 
12 25 19 26 22 FLN FHM FLN 
25 12 19 24 26 ALN AHN
4 91 14 24 13 AMG 
91 4 9 86 71 ALB FMN
17 74 21 15 44 ALM AMN
22 26 19 12 25 FMN FLB FHG ALB
4 91 24 13 14 FLN FHG FLN 
91 4 86 13 24 ALN FLN
44 15 71 86 9 FMN 
21 9 71 44 15 AMN ALN
12 25 17 74 86 ALM ALN 
25 12 74 26 17 AMB
22 26 19 4 91 AMN FLM
13 14 24 4 91 FLB 
13 24 14 15 44 
9 86 71 44 15 FMN 
44 15 74 21 17 ALN FHM 
PP 74 26 15 22 19 AHN
4 91 14 24 13 FMN 
ES 44 91 21 86 17 ALN 
12 44 21 17 86
12 44 17 26 19
12 25 22 26 19 FMN AMM AHG 
21 9 71 44 15 AHG
24 14 13 91 4 ALN FLN 
91 4 74 17 21 AMN 
PK 15 91 21 24 AHN 
24 15 91 22
PERIOD PK 91 4 21 13 AMN 
91 4 24 14 AMN AHB ALN 
15 44 22 26 
ES 15 44 19 26 22 FMN
12 25 9 86 71 AHB ALB
25 44 22 19 26 
15 44 22 26 19 FMN
4 91 13 14 24 FLN AMB ALN 
4 91 21 22 74 FLN 
44 15 22 74 21 FLN
12 25 86 9 71
12 25 71 9 86 FMM 
12 25 26 22 71 FLN
91 4 19 22 26 FHN FHB FHN 
13 24 91 4 14 
44 15 24 14 13 ALB
15 44 74 22 21 ALN AMG 
91 4 86 9 71 
91 25 26 22 19 FMB 
12 25 19 22 14 ALG 
44 15 24 13 14 
14 44 15 24 13 FHN 
4 91 21 17 74 AMN 
12 25 9 86 71 
44 15 22 26 19 AMM FMN FLM
91 4 14 24 13 FLB 
4 91 21 17 24 FLG
15 44 22 26 19 AHG 
15 44 71 9 86 FHN 
PK 4 91 24 13 AMM 
4 91 74 13 
4 91 14 74 ALB 
12 25 21 17 ALM
