ES 26 19 15 22 91 FLM FLN 
15 25 15 22 25 AMN AMN
28 25 88 5 7 FLM ALB ALB
14 20 25 5 28 ALN 
12 4 29 20 14 
12 4 29 22 26 
12 4 19 22 26 ALN 
15 91 26 19 22 
15 91 71 22 26
PP 28 88 21 29 25 FLB AMB FMM
15 26 19 22 7 FHN
ES 15 26 19 22 7 FHG
5 28 71 21 9 FMN AMM
4 5 20 14 29 AMN 
4 7 12 29 20
7 71 12 88 25 AMN
15 91 25 88 7 ALB ALM 
91 15 7 26 15 ALM AHN AMM
91 15 22 19 26 
28 5 19 22 26 
5 28 21 71 9 
5 28 21 29 9 FMN
12 4 20 29 14 ALN ALN 
91 4 7 88 25 
15 91 7 88 25 FHM 
91 15 26 22 25
91 15 19 26 22 
28 5 71 21 9 FLB FLM FLN FMN FLN 
28 5 25 88 7 
15 91 20 29 14 FHN FMM 
91 15 29 22 26 
19 12 4 22 26 AMB 
5 28 7 25 88 AMN 
91 15 25 22 26 AMN 
91 15 22 19 26 
15 91 21 19 26 FHN
15 91 71 21 9 
28 12 14 29 20 
28 12 22 26 19 FHM 
PERIOD ES 15 91 26 19 22 AHG
25 7 88 15 91 FMB FHN AMM
91 15 14 88 25 
28 5 29 20 14 ALN ALN
21 26 12 4 FLM 
21 26 91 15 
19 15 22 26 AMB
91 15 22 19 
15 22 91 7 19 FHN FMN 
28 15 7 88 25 ALB 
5 28 20 14 29 FLM FMB 
5 28 29 21 14 
15 91 71 9 21 AHN 
15 91 88 7 25 ALN ALN 
15 91 25 21 9
PK 21 15 28 29 ALM
20 14 28 15 
20 14 15 12 ALM ALB 
12 91 21 7 ALN AMN
ES 12 91 21 22 19 AHN 
19 22 26 12 91 
PK 15 91 20 25 
14 7 14 91 AMM AMB FMN 
12 91 29 21 FLM 
28 5 21 29 
28 5 26 19
ES 22 28 26 5 19 ALN AHN AHB AMB AHG
15 91 88 7 25 FLB 
15 91 71 21 9 FHN FMB ALN
91 15 88 25 7 FLB AHM 
4 12 29 20 14 ALN 
4 12 22 26 29 AHG 
22 26 19 28 5 FLN 
22 19 26 28 5 FLN FLN FLN FHG
25 88 7 28 5 ALN AMB ALB 
PP 22 26 7 19 15 FLB FHN
26 19 22 20 28 FHM FLM 
28 88 19 20 26 ALN AHN 
PERIOD ES 15 91 21 71 9 FLB ALM ALN
5 28 19 26 22 FMB FMB FMN 
4 5 22 19 26 AHN 
15 91 25 7 88 
PP 28 19 26 22 7 FMM FMM FHM FLM 
28 25 20 88 29 
ES 91 20 25 15 FMM 
91 15 25 21 AMN FMN
5 28 21 7 AMM
PP 12 28 19 22 20 
ES 91 12 22 20 19 
12 91 19 20 88 
15 14 88 91 29 
28 15 29 88 14 
28 15 9 21 29 FLB 
28 15 21 71 9 ALN
5 91 26 22 19 AHN ALN
21 71 26 15 12 FMN
12 15 21 71 9
15 12 21 9 25 
15 12 25 7 88 
28 5 88 25 7 ALM ALM 
91 20 28 25 21 
PP 22 26 7 19 15 AHN
15 22 26 7 19 FHM FMN 
28 29 20 25 88 FMB
ES 28 88 29 88 20 AHG
12 91 71 21 14 ALN 
PK 15 91 22 7 ALN 
28 5 29 20 ALN AHM ALB AHN AMN AMB 
91 15 25 88 
ES 15 91 7 25 88 ALB 
91 15 26 22 19  
28 91 26 22 19 7 AEG 
4 12 21 9 71 AHM AMM AMM
