22 27 28 26 77 ALN
15 12 91 61 7 ALM 
3 4 21 17 18 
3 17 71 23 24 AMN
28 77 24 71 23 FMN ALN
27 26 22 28 77 ALN
15 7 12 61 91 FLM 
3 91 17 21 18 
71 24 21 4 3 FHN AHG
77 28 71 23 24 
28 77 27 26 21 
91 27 77 22 26 
15 91 22 61 26 FMN 
15 7 91 12 61 FLM FMM
91 15 21 18 17 
3 4 18 17 21 FLB AHN
28 77 71 24 23 FMB FLM 
28 77 22 27 26 ALM 
24 71 24 15 91 AMN 
15 91 7 12 61 AMN
PP 27 22 28 77 26 
61 12 7 23 15 FMM FMB
ES 3 61 12 23 4 
3 4 17 61 21 
3 4 17 21 18 AMM ALN AHN
23 24 91 71 15 ALB FMB FLB FLM AHG
PP 77 28 27 22 26 FLN AMM
23 12 7 15 61 FMB
ES 15 91 17 21 18 AHN
24 23 3 4 71 AHN AMN AHM
28 77 27 22 26 ALB
PERIOD ES 26 22 27 28 77 AHG
7 21 17 91 15 
17 18 12 91 15 FMM
3 4 61 24 23 FLN 
3 4 71 23 24 ALN FLN FLM
28 4 22 71 26 AHN AMM
22 27 26 28 77 
28 77 26 27 21 FLN
7 17 21 91 15 FMN FMB FHM
15 91 61 7 21 
12 15 91 18 61 FHN
PK 15 91 17 21 ALN
15 91 12 17 
4 3 23 12 ALN ALG
ES 22 71 77 28 26 ALN 
15 91 18 12 61 FHN FLN 
17 21 7 4 3 FMM AHN
3 4 17 24 21 
27 24 28 3 23 
28 77 23 27 24 FLN ALN 
28 77 12 61 18 FMN
28 77 21 17 7 ALN 
15 91 7 17 21 
15 91 17 7 12 FHG
71 22 26 15 91 FLN FMN
4 3 23 24 27 FLN
3 4 61 12 18 FLB 
28 77 17 18 21 
21 7 17 28 77 FLB
PP 7 23 12 61 15 FLN FHN FHN
21 71 26 71 28 ALN FHN 
ES 21 71 26 71 28 AMN
21 3 17 7 4 AHN
91 15 7 21 17 ALN
27 22 12 91 15 FMN 
22 12 17 15 91 ALN 
15 91 21 7 61
PERIOD ES 71 22 26 28 77 FMN 
28 77 18 22 71 FLN
15 91 12 61 18 FLB FMM 
15 91 21 61 18 
15 91 21 7 17 
3 4 21 7 17 
27 24 23 77 28 
71 26 77 28 23
PK 15 91 17 22 
77 91 22 17 
21 61 28 77 FLN
3 4 23 61 
3 4 23 24 FLN
ES 3 4 12 24 23 ALN ALN FLN 
15 91 26 7 12 FLM ALB
91 18 22 23 15 FLN
15 91 61 18 12 ALM 
77 28 7 21 17 
77 28 17 7 21 AMB 
28 77 17 7 21 FHN
3 4 24 21 17 ALM
3 4 17 23 24 ALN
PP 7 22 61 28 26 FMN FMM FMB FHG 
ES 15 91 27 23 24 FHG
91 15 22 71 26 FHM 
22 26 71 15 91 FMN
15 91 26 22 71 FLM FLB
12 18 61 28 77 
7 17 21 77 28 FLN FHN 
28 77 18 12 61 FLN
3 4 22 71 26 ALB AHB
15 91 17 21 7 
77 28 23 27 24 FLB FMB 
28 77 61 12 27 ALN
77 28 61 18 12 ALB ALM 
15 91 61 12 18 AMN
22 15 91 71 26 FHM FHN FHN AMN 
15 91 22 61 26 FHN
91 15 61 7 22 26 FLN 
15 91 7 12 61 7 22 FMN FHB FMB FHN 
15 12 91 22 26 17 